-3.8892,-10.0507,3.1399,0.0,0.0
-3.7709,-10.0514,3.1403,0.0,0.0
-3.6564,-10.0526,3.1413,0.0,0.0
-3.5474,-10.0537,-3.1412,0.0,0.0
-3.4446,-10.0542,-3.141,0.0,0.0
-3.3235,-10.0549,-3.1409,0.0,0.0
-3.2118,-10.0556,-3.1405,0.0,0.0
-3.1032,-10.0566,-3.1398,0.0,0.0
-2.9991,-10.0564,-3.1389,0.0,0.0
-2.8881,-10.0562,-3.1391,0.0,0.0
-2.786,-10.0598,-3.1388,0.0,0.0
-2.8955,-10.0675,-3.1393,0.0,0.0
-3.0009,-10.0648,3.1413,0.0,0.0
-3.1041,-10.0613,3.1399,0.0,0.0
-3.2165,-10.0619,3.1406,0.0,0.0
-3.3408,-10.0625,3.1409,0.0,0.0
-3.4504,-10.0625,3.1407,0.0,0.0
-3.569,-10.0622,3.1402,0.0,0.0
-3.7011,-10.0622,3.1402,0.0,0.0
-3.8054,-10.0622,3.1401,0.0,0.0
-3.9176,-10.0619,3.1397,0.0,0.0
-4.0341,-10.0615,3.1391,0.0,0.0
-4.1552,-10.0613,3.139,0.0,0.0
-4.2766,-10.0615,3.1396,0.0,0.0
-4.4013,-10.062,3.1406,0.0,0.0
-4.528,-10.0628,3.1414,0.0,0.0
-4.6588,-10.0633,-3.1415,0.0,0.0
-4.7958,-10.0638,3.1414,0.0,0.0
-4.9361,-10.0631,3.1407,0.0,0.0
-5.0785,-10.0616,3.1395,0.0,0.0
-5.2234,-10.0599,3.1382,0.0,0.0
-5.3244,-10.0592,3.1381,0.0,0.0
-5.4727,-10.0574,3.1375,0.0,0.0
-5.5741,-10.0561,3.1371,0.0,0.0
-5.6779,-10.055,3.1363,0.0,0.0
-5.828,-10.0541,3.1355,0.0,0.0
-5.9297,-10.0532,3.135,0.0,0.0
-6.0363,-10.0518,3.1342,0.0,0.0
-6.1404,-10.05,3.1332,0.0,0.0
-6.2482,-10.0482,3.1317,0.0,0.0
-6.3569,-10.0458,3.1304,0.0,0.0
-6.4663,-10.0435,3.1295,0.0,0.0
-6.5772,-10.0414,3.1283,0.0,0.0
-6.6881,-10.0403,3.1279,0.0,0.0
-6.8005,-10.0388,3.1273,0.0,0.0
-6.9145,-10.037,3.1269,0.0,0.0
-7.0298,-10.0355,3.1267,0.0,0.0
-7.1475,-10.0337,3.1264,0.0,0.0
-7.2651,-10.0321,3.1261,0.0,0.0
-7.3821,-10.0305,3.1259,0.0,0.0
-7.5014,-10.0284,3.1256,0.0,0.0
-7.6206,-10.0261,3.1251,0.0,0.0
-7.7437,-10.0237,3.1248,0.0,0.0
-7.8673,-10.0212,3.1246,0.0,0.0
-7.9926,-10.0187,3.1247,0.0,0.0
-8.116,-10.0163,3.1247,0.0,0.0
-8.2403,-10.0142,3.125,0.0,0.0
-8.3649,-10.012,3.1251,0.0,0.0
-8.4903,-10.0098,3.1254,0.0,0.0
-8.6167,-10.0074,3.1255,0.0,0.0
-8.744,-10.0054,3.1256,0.0,0.0
-8.8736,-10.0036,3.126,0.0,0.0
-9.0017,-10.002,3.126,0.0,0.0
-9.1308,-10.0005,3.1257,0.0,0.0
-9.2631,-9.9982,3.1255,0.0,0.0
-9.3952,-9.9963,3.1259,0.0,0.0
-9.5257,-9.9947,3.1263,0.0,0.0
-9.6589,-9.9934,3.1264,0.0,0.0
-9.7926,-9.9924,3.1265,0.0,0.0
-9.9279,-9.991,3.1267,0.0,0.0
-10.065,-9.9891,3.1266,0.0,0.0
-10.2029,-9.9872,3.1262,0.0,0.0
-10.3412,-9.9858,3.1263,0.0,0.0
-10.4799,-9.9844,3.1266,0.0,0.0
-10.6209,-9.9825,3.1263,0.0,0.0
-10.7592,-9.9805,3.1261,0.0,0.0
-10.8994,-9.9786,3.1261,0.0,0.0
-11.0392,-9.9764,3.1255,0.0,0.0
-11.1799,-9.9736,3.1246,0.0,0.0
-11.3236,-9.9701,3.1238,0.0,0.0
-11.4654,-9.9677,3.1233,0.0,0.0
-11.6093,-9.9653,3.1233,0.0,0.0
-11.7545,-9.962,3.1226,0.0,0.0
-11.8997,-9.9592,3.1221,0.0,0.0
-12.0446,-9.9559,3.1214,0.0,0.0
-12.1894,-9.9537,3.1213,0.0,0.0
-12.3344,-9.9513,3.1212,0.0,0.0
-12.4807,-9.9487,3.1214,0.0,0.0
-12.6276,-9.9471,3.1218,0.0,0.0
-12.7753,-9.945,3.122,0.0,0.0
-12.9233,-9.943,3.1224,0.0,0.0
-13.0709,-9.9403,3.1218,0.0,0.0
-13.2186,-9.9371,3.1209,0.0,0.0
-13.3679,-9.9338,3.12,0.0,0.0
-13.5165,-9.931,3.1202,0.0,0.0
-13.6653,-9.9276,3.1201,0.0,0.0
-13.8156,-9.9246,3.1202,0.0,0.0
-13.9657,-9.9214,3.1198,0.0,0.0
-14.1176,-9.9185,3.1196,0.0,0.0
-14.2669,-9.9151,3.119,0.0,0.0
-14.417,-9.9108,3.1185,0.0,0.0
-14.5683,-9.9072,3.1184,0.0,0.0
-14.7203,-9.9035,3.1182,0.0,0.0
-14.8759,-9.9001,3.1183,0.0,0.0
-15.0259,-9.8968,3.1183,0.0,0.0
-15.179,-9.8932,3.1184,0.0,0.0
-15.3325,-9.8901,3.1186,0.0,0.0
-15.4866,-9.887,3.1189,0.0,0.0
-15.643,-9.8839,3.1195,0.0,0.0
-15.797,-9.881,3.1202,0.0,0.0
-15.9533,-9.878,3.1205,0.0,0.0
-16.114,-9.8752,3.1209,0.0,0.0
-16.2669,-9.8733,3.1215,0.0,0.0
-16.4237,-9.8701,3.1209,0.0,0.0
-16.5831,-9.8669,3.121,0.0,0.0
-16.7389,-9.8643,3.1216,0.0,0.0
-16.8961,-9.8614,3.122,0.0,0.0
-17.0551,-9.8588,3.1227,0.0,0.0
-17.2117,-9.8564,3.1235,0.0,0.0
-17.3719,-9.8541,3.1241,0.0,0.0
-17.5304,-9.851,3.1239,0.0,0.0
-17.6913,-9.8445,3.1213,0.0,0.0
-17.8537,-9.8332,3.1154,0.0,0.0
-18.0174,-9.8143,3.1035,0.0,0.0
-18.1816,-9.7844,3.0853,0.0,0.0
-18.3461,-9.743,3.0608,0.0,0.0
-18.5094,-9.6943,3.0347,0.0,0.0
-18.6684,-9.6378,3.0057,0.0,0.0
-18.8286,-9.5792,2.9791,0.0,0.0
-18.9861,-9.5217,2.9563,0.0,0.0
-19.1452,-9.4651,2.937,0.0,0.0
-19.3075,-9.4097,2.9217,0.0,0.0
-19.4669,-9.3577,2.9108,0.0,0.0
-19.6276,-9.307,2.9025,0.0,0.0
-19.7902,-9.2605,2.8979,0.0,0.0
-19.9548,-9.2133,2.8935,0.0,0.0
-20.1143,-9.1616,2.8842,0.0,0.0
-20.275,-9.0993,2.8699,0.0,0.0
-20.4334,-9.0305,2.8523,0.0,0.0
-20.5929,-8.9602,2.8368,0.0,0.0
-20.749,-8.891,2.8224,0.0,0.0
-20.9033,-8.8187,2.8068,0.0,0.0
-21.0595,-8.7382,2.7884,0.0,0.0
-21.2084,-8.6517,2.7661,0.0,0.0
-21.3476,-8.5521,2.7347,0.0,0.0
-21.4745,-8.443,2.6966,0.0,0.0
-21.5957,-8.3243,2.6553,0.0,0.0
-21.7074,-8.2008,2.6122,0.0,0.0
-21.8137,-8.0737,2.5698,0.0,0.0
-21.9165,-7.9453,2.5303,0.0,0.0
-22.0191,-7.8161,2.4947,0.0,0.0
-22.1259,-7.6821,2.4632,0.0,0.0
-22.2282,-7.5553,2.4372,0.0,0.0
-22.3324,-7.428,2.4148,0.0,0.0
-22.4412,-7.2999,2.3978,0.0,0.0
-22.5535,-7.1749,2.3869,0.0,0.0
-22.6726,-7.0584,2.3853,0.0,0.0
-22.7986,-6.9505,2.3915,0.0,0.0
-22.9235,-6.848,2.3996,0.0,0.0
-23.0496,-6.7437,2.4062,0.0,0.0
-23.1733,-6.637,2.4092,0.0,0.0
-23.2929,-6.5266,2.4078,0.0,0.0
-23.4075,-6.4116,2.4015,0.0,0.0
-23.5184,-6.2875,2.3874,0.0,0.0
-23.6175,-6.1585,2.3676,0.0,0.0
-23.7081,-6.0224,2.3427,0.0,0.0
-23.7876,-5.8806,2.3111,0.0,0.0
-23.858,-5.7339,2.2763,0.0,0.0
-23.921,-5.5832,2.2396,0.0,0.0
-23.9746,-5.428,2.1995,0.0,0.0
-24.016,-5.2708,2.155,0.0,0.0
-24.054,-5.1105,2.1122,0.0,0.0
-24.0904,-4.9567,2.0761,0.0,0.0
-24.1282,-4.7999,2.0435,0.0,0.0
-24.1658,-4.6417,2.0141,0.0,0.0
-24.1994,-4.4822,1.9848,0.0,0.0
-24.2235,-4.3185,1.9523,0.0,0.0
-24.2401,-4.1507,1.9179,0.0,0.0
-24.2495,-3.9853,1.8829,0.0,0.0
-24.2571,-3.8179,1.8508,0.0,0.0
-24.2644,-3.6505,1.822,0.0,0.0
-24.2723,-3.4788,1.7961,0.0,0.0
-24.2781,-3.3206,1.7741,0.0,0.0
-24.2889,-3.1502,1.7577,0.0,0.0
-24.3077,-2.988,1.7498,0.0,0.0
-24.3407,-2.8255,1.7537,0.0,0.0
-24.3955,-2.673,1.7739,0.0,0.0
-24.4671,-2.529,1.8041,0.0,0.0
-24.5211,-2.383,1.8169,0.0,0.0
-24.5525,-2.2346,1.812,0.0,0.0
-24.5797,-2.0864,1.8048,0.0,0.0
-24.6126,-1.9393,1.8029,0.0,0.0
-24.6489,-1.7961,1.8052,0.0,0.0
-24.687,-1.6506,1.8074,0.0,0.0
-24.7289,-1.505,1.812,0.0,0.0
-24.7771,-1.3606,1.8218,0.0,0.0
-24.8342,-1.2181,1.8357,0.0,0.0
-24.8982,-1.0783,1.8548,0.0,0.0
-24.9729,-0.9436,1.8803,0.0,0.0
-25.0523,-0.8212,1.9087,0.0,0.0
-25.1397,-0.7,1.9403,0.0,0.0
-25.233,-0.5775,1.9722,0.0,0.0
-25.3224,-0.463,2.0003,0.0,0.0
-25.4179,-0.3472,2.0296,0.0,0.0
-25.5183,-0.2362,2.0613,0.0,0.0
-25.6202,-0.1277,2.0912,0.0,0.0
-25.7207,-0.0183,2.116,0.0,0.0
-25.817,0.0926,2.1348,0.0,0.0
-25.9095,0.206,2.1472,0.0,0.0
-25.9956,0.3228,2.1536,0.0,0.0
-26.0759,0.4433,2.1535,0.0,0.0
-26.1473,0.565,2.1469,0.0,0.0
-26.2138,0.6894,2.1382,0.0,0.0
-26.2843,0.8128,2.1336,0.0,0.0
-26.3575,0.9321,2.1336,0.0,0.0
-26.4402,1.0442,2.1421,0.0,0.0
-26.5334,1.1449,2.1605,0.0,0.0
-26.6384,1.2292,2.1914,0.0,0.0
-26.7491,1.3032,2.2277,0.0,0.0
-26.8638,1.3738,2.2637,0.0,0.0
-26.9776,1.4494,2.2917,0.0,0.0
-27.0931,1.5295,2.3162,0.0,0.0
-27.2062,1.6089,2.3375,0.0,0.0
-27.3202,1.6895,2.3567,0.0,0.0
-27.4359,1.7707,2.3741,0.0,0.0
-27.5523,1.8484,2.3918,0.0,0.0
-27.6717,1.9198,2.4134,0.0,0.0
-27.7984,1.9837,2.4412,0.0,0.0
-27.9275,2.0398,2.4715,0.0,0.0
-28.0611,2.0909,2.5032,0.0,0.0
-28.2013,2.1394,2.5362,0.0,0.0
-28.3412,2.1847,2.567,0.0,0.0
-28.4844,2.2296,2.5962,0.0,0.0
-28.6253,2.2738,2.6216,0.0,0.0
-28.7698,2.3196,2.6447,0.0,0.0
-28.9134,2.3646,2.6655,0.0,0.0
-29.0579,2.4081,2.686,0.0,0.0
-29.2038,2.4454,2.7086,0.0,0.0
-29.3533,2.4759,2.7358,0.0,0.0
-29.5072,2.4952,2.7684,0.0,0.0
-29.6652,2.506,2.8033,0.0,0.0
-29.8225,2.513,2.8367,0.0,0.0
-29.9801,2.5187,2.8676,0.0,0.0
-30.137,2.5236,2.8953,0.0,0.0
-30.2964,2.5293,2.9196,0.0,0.0
-30.4548,2.5364,2.9395,0.0,0.0
-30.6166,2.5494,2.9533,0.0,0.0
-30.7756,2.5682,2.9611,0.0,0.0
-30.9392,2.5914,2.9655,0.0,0.0
-31.0916,2.616,2.9665,0.0,0.0
-31.2522,2.6412,2.9691,0.0,0.0
-31.4149,2.6654,2.9724,0.0,0.0
-31.5768,2.6911,2.9734,0.0,0.0
-31.7386,2.7176,2.9737,0.0,0.0
-31.9027,2.7454,2.9735,0.0,0.0
-32.0649,2.7736,2.9728,0.0,0.0
-32.235,2.8019,2.973,0.0,0.0
-32.3926,2.8291,2.9724,0.0,0.0
-32.5584,2.8576,2.9716,0.0,0.0
-32.7225,2.8832,2.9736,0.0,0.0
-32.8918,2.904,2.9802,0.0,0.0
-33.0625,2.919,2.9893,0.0,0.0
-33.2331,2.9337,2.9976,0.0,0.0
-33.4056,2.9529,3.0016,0.0,0.0
-33.5757,2.9767,3.0018,0.0,0.0
-33.7463,2.9997,3.002,0.0,0.0
-33.9175,3.0215,3.0031,0.0,0.0
-34.093,3.045,3.0035,0.0,0.0
-34.2612,3.0701,3.0028,0.0,0.0
-34.4335,3.0956,3.0021,0.0,0.0
-34.6104,3.1195,3.0024,0.0,0.0
-34.7833,3.143,3.0025,0.0,0.0
-34.9523,3.1677,3.0019,0.0,0.0
-35.13,3.1929,3.0017,0.0,0.0
-35.3056,3.2162,3.0022,0.0,0.0
-35.4805,3.2407,3.0019,0.0,0.0
-35.6544,3.2653,3.0017,0.0,0.0
-35.8338,3.2916,3.0016,0.0,0.0
-36.015,3.3166,3.0015,0.0,0.0
-36.1869,3.3395,3.0023,0.0,0.0
-36.3719,3.3609,3.0064,0.0,0.0
-36.554,3.3767,3.0137,0.0,0.0
-36.7361,3.3909,3.0209,0.0,0.0
-36.9214,3.407,3.0251,0.0,0.0
-37.1097,3.4252,3.0274,0.0,0.0
-37.296,3.4458,3.0284,0.0,0.0
-37.4812,3.4671,3.0287,0.0,0.0
-37.6698,3.4853,3.0316,0.0,0.0
-37.8648,3.4981,3.0385,0.0,0.0
-38.0528,3.5081,3.0453,0.0,0.0
-38.2412,3.5206,3.0497,0.0,0.0
-38.4352,3.5349,3.0524,0.0,0.0
-38.626,3.5514,3.0531,0.0,0.0
-38.8194,3.569,3.0527,0.0,0.0
-39.0136,3.5869,3.0518,0.0,0.0
-39.2068,3.6051,3.0508,0.0,0.0
-39.3071,3.6143,3.0504,0.0,0.0
-39.5045,3.6326,3.0502,0.0,0.0
-39.707,3.6515,3.0501,0.0,0.0
-39.9018,3.6696,3.0501,0.0,0.0
-40.0989,3.6873,3.0505,0.0,0.0
-40.1989,3.6963,3.0505,0.0,0.0
-40.299,3.7054,3.0505,0.0,0.0
-40.4016,3.7147,3.0504,0.0,0.0
-40.5043,3.7242,3.0502,0.0,0.0
-40.7028,3.7402,3.0513,0.0,0.0
-40.8063,3.7468,3.0531,0.0,0.0
-40.9092,3.7518,3.0564,0.0,0.0
-41.0125,3.756,3.0607,0.0,0.0
-41.1142,3.7568,3.0666,0.0,0.0
-41.2184,3.7557,3.0736,0.0,0.0
-41.321,3.7533,3.0807,0.0,0.0
-41.426,3.7501,3.0879,0.0,0.0
-41.5352,3.7466,3.0945,0.0,0.0
-41.6402,3.744,3.0999,0.0,0.0
-41.7418,3.742,3.1042,0.0,0.0
-41.8525,3.7414,3.1077,0.0,0.0
-41.9586,3.7419,3.1094,0.0,0.0
-42.0618,3.7444,3.1097,0.0,0.0
-42.167,3.7493,3.1084,0.0,0.0
-42.2722,3.7558,3.1056,0.0,0.0
-42.3776,3.7629,3.1027,0.0,0.0
-42.4834,3.7693,3.1008,0.0,0.0
-42.5919,3.7745,3.0999,0.0,0.0
-42.6964,3.7782,3.1,0.0,0.0
-42.8042,3.7805,3.1014,0.0,0.0
-42.9125,3.7816,3.1039,0.0,0.0
-43.0211,3.7821,3.1074,0.0,0.0
-43.1303,3.779,3.1128,0.0,0.0
-43.2394,3.7731,3.1199,0.0,0.0
-43.3512,3.7641,3.1285,0.0,0.0
-43.461,3.7526,3.1384,0.0,0.0
-43.5686,3.7379,-3.1326,0.0,0.0
-43.6782,3.7186,-3.1182,0.0,0.0
-43.7883,3.6963,-3.1025,0.0,0.0
-43.8984,3.6701,-3.0861,0.0,0.0
-44.0148,3.6397,-3.0685,0.0,0.0
-44.1194,3.6098,-3.0519,0.0,0.0
-44.2244,3.5761,-3.0332,0.0,0.0
-44.3296,3.5379,-3.0113,0.0,0.0
-44.4307,3.4926,-2.9875,0.0,0.0
-44.531,3.4451,-2.9633,0.0,0.0
-44.6301,3.3949,-2.9395,0.0,0.0
-44.7273,3.3418,-2.9147,0.0,0.0
-44.8215,3.2876,-2.8902,0.0,0.0
-44.9153,3.232,-2.8666,0.0,0.0
-45.0149,3.1725,-2.8436,0.0,0.0
-45.1027,3.1196,-2.8245,0.0,0.0
-45.1981,3.0601,-2.804,0.0,0.0
-45.2891,3.0002,-2.7837,0.0,0.0
-45.3849,2.9341,-2.762,0.0,0.0
-45.4728,2.8713,-2.742,0.0,0.0
-45.5635,2.8042,-2.7217,0.0,0.0
-45.6526,2.7338,-2.7003,0.0,0.0
-45.7399,2.6597,-2.6769,0.0,0.0
-45.8239,2.5816,-2.6523,0.0,0.0
-45.9061,2.5026,-2.6281,0.0,0.0
-45.9863,2.4228,-2.6051,0.0,0.0
-46.0671,2.3414,-2.5831,0.0,0.0
-46.1488,2.2568,-2.5619,0.0,0.0
-46.2307,2.1696,-2.5409,0.0,0.0
-46.3051,2.0905,-2.5231,0.0,0.0
-46.3833,2.0056,-2.505,0.0,0.0
-46.4604,1.9196,-2.4875,0.0,0.0
-46.54,1.8297,-2.4705,0.0,0.0
-46.6142,1.7468,-2.4564,0.0,0.0
-46.6922,1.6606,-2.4433,0.0,0.0
-46.7696,1.5728,-2.4298,0.0,0.0
-46.8451,1.4855,-2.4169,0.0,0.0
-46.9234,1.3883,-2.4007,0.0,0.0
-46.9925,1.2982,-2.3849,0.0,0.0
-47.0621,1.2019,-2.3677,0.0,0.0
-47.1294,1.1032,-2.3498,0.0,0.0
-47.195,1.0027,-2.3316,0.0,0.0
-47.2598,0.9015,-2.3142,0.0,0.0
-47.3236,0.7995,-2.2973,0.0,0.0
-47.3847,0.6968,-2.2803,0.0,0.0
-47.4435,0.5908,-2.2613,0.0,0.0
-47.4998,0.488,-2.2427,0.0,0.0
-47.5525,0.3812,-2.2231,0.0,0.0
-47.6011,0.2735,-2.2038,0.0,0.0
-47.6509,0.1657,-2.1861,0.0,0.0
-47.7003,0.0565,-2.1691,0.0,0.0
-47.7487,-0.0539,-2.1522,0.0,0.0
-47.7958,-0.1648,-2.1353,0.0,0.0
-47.8403,-0.2756,-2.1183,0.0,0.0
-47.8816,-0.3873,-2.1005,0.0,0.0
-47.92,-0.4992,-2.0822,0.0,0.0
-47.9513,-0.6136,-2.0606,0.0,0.0
-47.9817,-0.7322,-2.0366,0.0,0.0
-48.0052,-0.8433,-2.0146,0.0,0.0
-48.0278,-0.9601,-1.9923,0.0,0.0
-48.0508,-1.0776,-1.9722,0.0,0.0
-48.0766,-1.1943,-1.9557,0.0,0.0
-48.1042,-1.3115,-1.942,0.0,0.0
-48.1316,-1.4296,-1.9291,0.0,0.0
-48.1568,-1.5461,-1.9162,0.0,0.0
-48.1811,-1.6716,-1.9014,0.0,0.0
-48.2001,-1.7843,-1.8866,0.0,0.0
-48.2161,-1.9056,-1.8678,0.0,0.0
-48.2238,-2.0211,-1.8461,0.0,0.0
-48.2241,-2.1388,-1.823,0.0,0.0
-48.2213,-2.2567,-1.7988,0.0,0.0
-48.2132,-2.3789,-1.7721,0.0,0.0
-48.2015,-2.4863,-1.7472,0.0,0.0
-48.1877,-2.6057,-1.7218,0.0,0.0
-48.175,-2.7191,-1.6996,0.0,0.0
-48.1593,-2.8346,-1.6768,0.0,0.0
-48.1433,-2.9507,-1.6542,0.0,0.0
-48.1225,-3.0639,-1.631,0.0,0.0
-48.0973,-3.175,-1.6063,0.0,0.0
-48.0725,-3.286,-1.5849,0.0,0.0
-48.0571,-3.3954,-1.5724,0.0,0.0
-48.0414,-3.5053,-1.562,0.0,0.0
-48.0308,-3.7012,-1.5559,0.0,0.0
-48.0213,-3.8014,-1.5498,0.0,0.0
-48.001,-3.9045,-1.5362,0.0,0.0
-47.954,-4.081,-1.5028,0.0,0.0
-47.8896,-4.2421,-1.4624,0.0,0.0
-47.8218,-4.4084,-1.4254,0.0,0.0
-47.7454,-4.5769,-1.3871,0.0,0.0
-47.6578,-4.7378,-1.3454,0.0,0.0
-47.5567,-4.8991,-1.3001,0.0,0.0
-47.4527,-5.0587,-1.2561,0.0,0.0
-47.3691,-5.2054,-1.2283,0.0,0.0
-47.2842,-5.3442,-1.2019,0.0,0.0
-47.189,-5.4788,-1.1712,0.0,0.0
-47.0752,-5.6177,-1.1342,0.0,0.0
-46.9566,-5.7532,-1.0979,0.0,0.0
-46.8301,-5.8854,-1.0582,0.0,0.0
-46.7002,-6.0063,-1.0182,0.0,0.0
-46.5655,-6.1267,-0.9788,0.0,0.0
-46.4168,-6.2418,-0.9363,0.0,0.0
-46.2714,-6.3437,-0.8946,0.0,0.0
-46.1192,-6.446,-0.855,0.0,0.0
-45.9653,-6.5477,-0.8184,0.0,0.0
-45.8085,-6.6455,-0.784,0.0,0.0
-45.654,-6.7389,-0.7507,0.0,0.0
-45.4993,-6.8347,-0.7244,0.0,0.0
-45.3374,-6.9283,-0.6979,0.0,0.0
-45.1776,-7.0208,-0.6732,0.0,0.0
-45.0126,-7.1055,-0.6458,0.0,0.0
-44.8466,-7.1803,-0.6148,0.0,0.0
-44.6766,-7.2436,-0.579,0.0,0.0
-44.501,-7.3037,-0.5455,0.0,0.0
-44.3254,-7.3678,-0.5184,0.0,0.0
-44.1527,-7.4323,-0.4965,0.0,0.0
-43.9783,-7.5,-0.4789,0.0,0.0
-43.8033,-7.5712,-0.4662,0.0,0.0
-43.6264,-7.6382,-0.4518,0.0,0.0
-43.4459,-7.7026,-0.4355,0.0,0.0
-43.3506,-7.733,-0.4257,0.0,0.0
-43.1592,-7.7836,-0.4021,0.0,0.0
-42.9742,-7.8344,-0.3814,0.0,0.0
-42.7938,-7.8876,-0.3676,0.0,0.0
-42.6093,-7.9412,-0.3568,0.0,0.0
-42.4197,-8.0046,-0.3537,0.0,0.0
-42.2652,-8.0933,-0.3762,0.0,0.0
-42.1217,-8.1931,-0.4094,0.0,0.0
-41.9691,-8.2879,-0.4307,0.0,0.0
-41.8143,-8.3822,-0.447,0.0,0.0
-41.6679,-8.4715,-0.4594,0.0,0.0
-41.5294,-8.5645,-0.4756,0.0,0.0
-41.3974,-8.6627,-0.4931,0.0,0.0
-41.2638,-8.759,-0.5077,0.0,0.0
-41.1245,-8.8528,-0.5171,0.0,0.0
-40.9798,-8.9382,-0.5179,0.0,0.0
-40.825,-9.0135,-0.509,0.0,0.0
-40.665,-9.0702,-0.4874,0.0,0.0
-40.5028,-9.1169,-0.4608,0.0,0.0
-40.3342,-9.1591,-0.4337,0.0,0.0
-40.1609,-9.1844,-0.3971,0.0,0.0
-39.9861,-9.2019,-0.3595,0.0,0.0
-39.8066,-9.2143,-0.321,0.0,0.0
-39.6285,-9.2212,-0.2846,0.0,0.0
-39.4465,-9.2209,-0.2468,0.0,0.0
-39.2638,-9.2169,-0.2115,0.0,0.0
-39.0792,-9.21,-0.1789,0.0,0.0
-38.8972,-9.2034,-0.1512,0.0,0.0
-38.7116,-9.1975,-0.1265,0.0,0.0
-38.5248,-9.1898,-0.1039,0.0,0.0
-38.338,-9.18,-0.0829,0.0,0.0
-38.1526,-9.1679,-0.0642,0.0,0.0
-37.9695,-9.1602,-0.0511,0.0,0.0
-37.7835,-9.1614,-0.045,0.0,0.0
-37.5956,-9.1659,-0.0417,0.0,0.0
-37.406,-9.1715,-0.0404,0.0,0.0
-37.2158,-9.1784,-0.0401,0.0,0.0
-37.0239,-9.185,-0.0393,0.0,0.0
-36.8316,-9.192,-0.0393,0.0,0.0
-36.6375,-9.2,-0.0396,0.0,0.0
-36.4413,-9.2082,-0.04,0.0,0.0
-36.2492,-9.2161,-0.0404,0.0,0.0
-36.0529,-9.2244,-0.0406,0.0,0.0
-35.859,-9.2321,-0.0409,0.0,0.0
-35.759,-9.2361,-0.0414,0.0,0.0
-35.5641,-9.2441,-0.0421,0.0,0.0
-35.4634,-9.2485,-0.042,0.0,0.0
-35.2673,-9.2583,-0.0427,0.0,0.0
-35.0689,-9.2669,-0.0429,0.0,0.0
-34.9687,-9.2707,-0.0429,0.0,0.0
-34.8687,-9.275,-0.0431,0.0,0.0
-34.6689,-9.2844,-0.044,0.0,0.0
-34.5687,-9.2893,-0.0444,0.0,0.0
-34.4683,-9.2941,-0.0448,0.0,0.0
-34.3677,-9.2988,-0.0451,0.0,0.0
-34.267,-9.3034,-0.0452,0.0,0.0
-34.1642,-9.3081,-0.0453,0.0,0.0
-33.9648,-9.3169,-0.0456,0.0,0.0
-33.8639,-9.3213,-0.0459,0.0,0.0
-33.7628,-9.3265,-0.0461,0.0,0.0
-33.6613,-9.3316,-0.0466,0.0,0.0
-33.5593,-9.3369,-0.0472,0.0,0.0
-33.4569,-9.342,-0.0478,0.0,0.0
-33.3543,-9.3473,-0.0482,0.0,0.0
-33.2515,-9.3526,-0.0486,0.0,0.0
-33.1487,-9.3581,-0.049,0.0,0.0
-33.046,-9.3636,-0.0496,0.0,0.0
-32.9434,-9.369,-0.0501,0.0,0.0
-32.8402,-9.3745,-0.0505,0.0,0.0
-32.7369,-9.3797,-0.0508,0.0,0.0
-32.6325,-9.3845,-0.0509,0.0,0.0
-32.5261,-9.3902,-0.0512,0.0,0.0
-32.4242,-9.3951,-0.0515,0.0,0.0
-32.3211,-9.4007,-0.0516,0.0,0.0
-32.2166,-9.4067,-0.0519,0.0,0.0
-32.1056,-9.413,-0.0521,0.0,0.0
-31.9006,-9.4245,-0.0526,0.0,0.0
-31.798,-9.4301,-0.0528,0.0,0.0
-31.6932,-9.4358,-0.053,0.0,0.0
-31.5884,-9.4415,-0.0534,0.0,0.0
-31.4832,-9.4471,-0.0537,0.0,0.0
-31.376,-9.4531,-0.054,0.0,0.0
-31.273,-9.4589,-0.0542,0.0,0.0
-31.1673,-9.4653,-0.0545,0.0,0.0
-31.0608,-9.472,-0.0551,0.0,0.0
-30.9543,-9.4783,-0.0555,0.0,0.0
-30.8479,-9.4842,-0.0555,0.0,0.0
-30.7418,-9.4898,-0.0556,0.0,0.0
-30.6333,-9.4958,-0.0556,0.0,0.0
-30.5312,-9.5015,-0.0556,0.0,0.0
-30.4227,-9.5076,-0.0556,0.0,0.0
-30.316,-9.514,-0.0558,0.0,0.0
-30.209,-9.5205,-0.0562,0.0,0.0
-30.1019,-9.527,-0.0567,0.0,0.0
-29.9948,-9.5334,-0.0569,0.0,0.0
-29.8873,-9.5396,-0.0572,0.0,0.0
-29.7793,-9.5465,-0.0573,0.0,0.0
-29.6711,-9.5532,-0.0578,0.0,0.0
-29.5609,-9.5599,-0.058,0.0,0.0
-29.4574,-9.5634,-0.0568,0.0,0.0
-29.3514,-9.5689,-0.0562,0.0,0.0
-29.2444,-9.5757,-0.0567,0.0,0.0
-29.1367,-9.5825,-0.0571,0.0,0.0
-29.0281,-9.5892,-0.0575,0.0,0.0
-28.9193,-9.5957,-0.0578,0.0,0.0
-28.8108,-9.6014,-0.0577,0.0,0.0
-28.7026,-9.6073,-0.0575,0.0,0.0
-28.5944,-9.6138,-0.0577,0.0,0.0
-28.4841,-9.6206,-0.0582,0.0,0.0
-28.3782,-9.6272,-0.0586,0.0,0.0
-28.2699,-9.6339,-0.059,0.0,0.0
-28.1608,-9.641,-0.0594,0.0,0.0
-28.0516,-9.648,-0.0599,0.0,0.0
-27.9427,-9.6551,-0.0607,0.0,0.0
-27.833,-9.6618,-0.0614,0.0,0.0
-27.7233,-9.6694,-0.0621,0.0,0.0
-27.6142,-9.6771,-0.0629,0.0,0.0
-27.5051,-9.6844,-0.0633,0.0,0.0
-27.3961,-9.6916,-0.0635,0.0,0.0
-27.287,-9.699,-0.0637,0.0,0.0
-27.1758,-9.7062,-0.064,0.0,0.0
-27.0636,-9.7145,-0.0644,0.0,0.0
-26.955,-9.7206,-0.0641,0.0,0.0
-26.8461,-9.7255,-0.0622,0.0,0.0
-26.7347,-9.7291,-0.0592,0.0,0.0
-26.6228,-9.7315,-0.0556,0.0,0.0
-26.511,-9.7325,-0.0511,0.0,0.0
-26.3997,-9.732,-0.0463,0.0,0.0
-26.2882,-9.7305,-0.0411,0.0,0.0
-26.1762,-9.7288,-0.0365,0.0,0.0
-26.0636,-9.7283,-0.0329,0.0,0.0
-25.9512,-9.7295,-0.0304,0.0,0.0
-25.8385,-9.7312,-0.0288,0.0,0.0
-25.7257,-9.7337,-0.0282,0.0,0.0
-25.6127,-9.7361,-0.0281,0.0,0.0
-25.4977,-9.7394,-0.0282,0.0,0.0
-25.3869,-9.7436,-0.0286,0.0,0.0
-25.2717,-9.7478,-0.029,0.0,0.0
-25.1612,-9.7516,-0.029,0.0,0.0
-25.0484,-9.7558,-0.0292,0.0,0.0
-24.9361,-9.7599,-0.0295,0.0,0.0
-24.8214,-9.7635,-0.0293,0.0,0.0
-24.7086,-9.7664,-0.029,0.0,0.0
-24.5978,-9.7695,-0.0289,0.0,0.0
-24.4802,-9.7732,-0.0288,0.0,0.0
-24.3722,-9.7774,-0.0293,0.0,0.0
-24.2587,-9.7804,-0.0291,0.0,0.0
-24.145,-9.7838,-0.029,0.0,0.0
-24.031,-9.7874,-0.0289,0.0,0.0
-23.9171,-9.792,-0.0296,0.0,0.0
-23.8036,-9.7969,-0.0304,0.0,0.0
-23.6898,-9.8017,-0.0313,0.0,0.0
-23.5756,-9.8069,-0.0323,0.0,0.0
-23.4613,-9.8119,-0.0331,0.0,0.0
-23.3422,-9.8167,-0.0335,0.0,0.0
-23.2327,-9.821,-0.0335,0.0,0.0
-23.1191,-9.8253,-0.0335,0.0,0.0
-23.0052,-9.8295,-0.0335,0.0,0.0
-22.8891,-9.8344,-0.0338,0.0,0.0
-22.7776,-9.8389,-0.0341,0.0,0.0
-22.6637,-9.8438,-0.0343,0.0,0.0
-22.5496,-9.8485,-0.0344,0.0,0.0
-22.4357,-9.8529,-0.0345,0.0,0.0
-22.3216,-9.8572,-0.0346,0.0,0.0
-22.2003,-9.8615,-0.0347,0.0,0.0
-22.0925,-9.8656,-0.0349,0.0,0.0
-21.9775,-9.87,-0.0352,0.0,0.0
-21.8627,-9.8747,-0.0353,0.0,0.0
-21.7481,-9.8795,-0.0356,0.0,0.0
-21.6333,-9.8841,-0.0359,0.0,0.0
-21.5186,-9.8888,-0.0359,0.0,0.0
-21.4015,-9.8936,-0.0361,0.0,0.0
-21.2864,-9.8984,-0.0364,0.0,0.0
-21.1732,-9.9029,-0.0366,0.0,0.0
-21.0579,-9.9078,-0.0369,0.0,0.0
-20.9427,-9.9123,-0.0373,0.0,0.0
-20.8275,-9.9168,-0.0375,0.0,0.0
-20.7124,-9.9208,-0.0378,0.0,0.0
-20.5949,-9.9251,-0.0379,0.0,0.0
-20.4817,-9.9295,-0.0382,0.0,0.0
-20.3664,-9.9342,-0.0384,0.0,0.0
-20.2489,-9.9395,-0.0388,0.0,0.0
-20.1362,-9.9438,-0.0388,0.0,0.0
-20.0208,-9.9483,-0.0388,0.0,0.0
-19.9052,-9.9532,-0.0389,0.0,0.0
-19.7898,-9.9582,-0.0391,0.0,0.0
-19.6744,-9.9634,-0.0393,0.0,0.0
-19.5591,-9.9685,-0.0395,0.0,0.0
-19.4413,-9.9737,-0.0397,0.0,0.0
-19.328,-9.9788,-0.04,0.0,0.0
-19.2123,-9.9839,-0.0401,0.0,0.0
-19.0964,-9.989,-0.04,0.0,0.0
-18.9803,-9.9942,-0.04,0.0,0.0
-18.8641,-9.9993,-0.04,0.0,0.0
-18.7408,-10.0047,-0.0402,0.0,0.0
-18.6316,-10.0093,-0.0403,0.0,0.0
-18.5038,-10.0151,-0.0402,0.0,0.0
-18.3993,-10.0201,-0.0404,0.0,0.0
-18.2833,-10.0264,-0.0411,0.0,0.0
-18.1671,-10.0325,-0.0418,0.0,0.0
-18.0512,-10.0382,-0.042,0.0,0.0
-17.9302,-10.0436,-0.0421,0.0,0.0
-17.8156,-10.0485,-0.0417,0.0,0.0
-17.7003,-10.0535,-0.0416,0.0,0.0
-17.5837,-10.059,-0.0418,0.0,0.0
-17.4671,-10.0639,-0.0415,0.0,0.0
-17.3503,-10.0686,-0.0411,0.0,0.0
-17.2329,-10.0737,-0.0409,0.0,0.0
-17.1159,-10.0791,-0.0412,0.0,0.0
-16.9989,-10.0842,-0.0413,0.0,0.0
-16.8818,-10.0891,-0.0408,0.0,0.0
-16.7651,-10.0932,-0.0401,0.0,0.0
-16.6479,-10.0975,-0.0395,0.0,0.0
-16.5303,-10.1018,-0.0391,0.0,0.0
-16.4104,-10.1068,-0.039,0.0,0.0
-16.293,-10.1116,-0.039,0.0,0.0
-16.1783,-10.1159,-0.0386,0.0,0.0
-16.0609,-10.1197,-0.038,0.0,0.0
-15.9424,-10.1244,-0.0379,0.0,0.0
-15.8235,-10.1288,-0.0378,0.0,0.0
-15.7056,-10.1339,-0.0378,0.0,0.0
-15.5881,-10.1393,-0.0382,0.0,0.0
-15.4703,-10.1438,-0.0382,0.0,0.0
-15.352,-10.1474,-0.0374,0.0,0.0
-15.2344,-10.1525,-0.0374,0.0,0.0
-15.1142,-10.1571,-0.0377,0.0,0.0
-14.9958,-10.1617,-0.0377,0.0,0.0
-14.8798,-10.1662,-0.0378,0.0,0.0
-14.7614,-10.1712,-0.038,0.0,0.0
-14.6432,-10.176,-0.0384,0.0,0.0
-14.5201,-10.1805,-0.0386,0.0,0.0
-14.4046,-10.1853,-0.039,0.0,0.0
-14.2895,-10.1904,-0.0394,0.0,0.0
-14.17,-10.1956,-0.0399,0.0,0.0
-14.054,-10.2001,-0.0401,0.0,0.0
-13.9286,-10.2057,-0.0406,0.0,0.0
-13.8173,-10.2109,-0.0412,0.0,0.0
-13.6991,-10.2169,-0.0421,0.0,0.0
-13.58,-10.2231,-0.0429,0.0,0.0
-13.4525,-10.2287,-0.0427,0.0,0.0
-13.3438,-10.2336,-0.0432,0.0,0.0
-13.2256,-10.2393,-0.0439,0.0,0.0
-13.1072,-10.2448,-0.0444,0.0,0.0
-12.9888,-10.2502,-0.0448,0.0,0.0
-12.8701,-10.2554,-0.045,0.0,0.0
-12.7483,-10.2611,-0.045,0.0,0.0
-12.6313,-10.2664,-0.0449,0.0,0.0
-12.5123,-10.2723,-0.045,0.0,0.0
-12.3908,-10.2782,-0.0456,0.0,0.0
-12.2742,-10.284,-0.0462,0.0,0.0
-12.1553,-10.2899,-0.0466,0.0,0.0
-12.0371,-10.2953,-0.0464,0.0,0.0
-11.9183,-10.3012,-0.0464,0.0,0.0
-11.7969,-10.3067,-0.0462,0.0,0.0
-11.6794,-10.3132,-0.0466,0.0,0.0
-11.5578,-10.3198,-0.0471,0.0,0.0
-11.4389,-10.326,-0.0472,0.0,0.0
-11.3173,-10.3307,-0.0466,0.0,0.0
-11.2055,-10.3366,-0.0463,0.0,0.0
-11.0843,-10.3426,-0.047,0.0,0.0
-10.9629,-10.3486,-0.0474,0.0,0.0
-10.8384,-10.3538,-0.0473,0.0,0.0
-10.7259,-10.3588,-0.0473,0.0,0.0
-10.6061,-10.3646,-0.0475,0.0,0.0
-10.4863,-10.3714,-0.0481,0.0,0.0
-10.3664,-10.3774,-0.0483,0.0,0.0
-10.247,-10.3838,-0.049,0.0,0.0
-10.1274,-10.39,-0.0494,0.0,0.0
-10.0076,-10.3958,-0.0497,0.0,0.0
-9.888,-10.4017,-0.0493,0.0,0.0
-9.7684,-10.4083,-0.049,0.0,0.0
-9.6491,-10.4149,-0.049,0.0,0.0
-9.5294,-10.4211,-0.049,0.0,0.0
-9.4096,-10.4278,-0.0493,0.0,0.0
-9.2804,-10.4353,-0.05,0.0,0.0
-9.1682,-10.442,-0.0505,0.0,0.0
-9.051,-10.4474,-0.0507,0.0,0.0
-8.9318,-10.4531,-0.0504,0.0,0.0
-8.8104,-10.4588,-0.0503,0.0,0.0
-8.6932,-10.4647,-0.0499,0.0,0.0
-8.5733,-10.4709,-0.0495,0.0,0.0
-8.4533,-10.4774,-0.0496,0.0,0.0
-8.3333,-10.4837,-0.0498,0.0,0.0
-8.2132,-10.4904,-0.0499,0.0,0.0
-8.0931,-10.4972,-0.05,0.0,0.0
-7.9727,-10.5041,-0.0504,0.0,0.0
-7.8524,-10.5114,-0.0509,0.0,0.0
-7.7318,-10.5188,-0.0514,0.0,0.0
-7.6115,-10.5258,-0.0519,0.0,0.0
-7.4915,-10.5329,-0.0519,0.0,0.0
-7.3665,-10.5396,-0.0517,0.0,0.0
-7.2507,-10.5456,-0.0517,0.0,0.0
-7.1301,-10.552,-0.0519,0.0,0.0
-7.0073,-10.559,-0.0523,0.0,0.0
-6.8893,-10.5654,-0.0526,0.0,0.0
-6.7625,-10.5715,-0.0522,0.0,0.0
-6.6502,-10.5763,-0.0514,0.0,0.0
-6.5299,-10.5824,-0.0511,0.0,0.0
-6.4097,-10.5868,-0.0501,0.0,0.0
-6.2893,-10.5923,-0.0494,0.0,0.0
-6.1684,-10.5966,-0.0484,0.0,0.0
-6.0473,-10.6007,-0.0471,0.0,0.0
-5.9216,-10.6056,-0.0464,0.0,0.0
-5.8062,-10.6089,-0.0454,0.0,0.0
-5.6879,-10.6133,-0.0447,0.0,0.0
-5.5673,-10.6185,-0.0445,0.0,0.0
-5.4413,-10.6253,-0.0448,0.0,0.0
-5.3222,-10.6299,-0.0444,0.0,0.0
-5.2014,-10.633,-0.0425,0.0,0.0
-5.08,-10.635,-0.0393,0.0,0.0
-4.9576,-10.6358,-0.0363,0.0,0.0
-4.8357,-10.6353,-0.0331,0.0,0.0
-4.7136,-10.6355,-0.0301,0.0,0.0
-4.5916,-10.6357,-0.027,0.0,0.0
-4.4728,-10.6368,-0.0248,0.0,0.0
-4.3477,-10.6389,-0.0233,0.0,0.0
-4.2272,-10.6412,-0.0226,0.0,0.0
-4.1085,-10.6436,-0.0223,0.0,0.0
-3.9874,-10.6468,-0.0222,0.0,0.0
-3.8667,-10.65,-0.0222,0.0,0.0
-3.7439,-10.6532,-0.0223,0.0,0.0
-3.6186,-10.6568,-0.0224,0.0,0.0
-3.5027,-10.6601,-0.0225,0.0,0.0
-3.3817,-10.6639,-0.0227,0.0,0.0
-3.263,-10.6679,-0.0234,0.0,0.0
-3.1427,-10.6713,-0.0235,0.0,0.0
-3.0225,-10.6751,-0.0236,0.0,0.0
-2.9021,-10.6789,-0.0238,0.0,0.0
-2.7821,-10.683,-0.0243,0.0,0.0
-2.6619,-10.6861,-0.0242,0.0,0.0
-2.5436,-10.6888,-0.0239,0.0,0.0
-2.4206,-10.6917,-0.0234,0.0,0.0
-2.3,-10.694,-0.0228,0.0,0.0
-2.18,-10.6968,-0.0224,0.0,0.0
-2.0602,-10.6993,-0.0223,0.0,0.0
-1.9403,-10.7014,-0.0221,0.0,0.0
-1.8194,-10.7017,-0.0201,0.0,0.0
-1.6987,-10.6995,-0.0168,0.0,0.0
-1.579,-10.6971,-0.0136,0.0,0.0
-1.4595,-10.6938,-0.0098,0.0,0.0
-1.3398,-10.6909,-0.0068,0.0,0.0
-1.2202,-10.6877,-0.0043,0.0,0.0
-1.1004,-10.6849,-0.0013,0.0,0.0
-0.9783,-10.6825,0.0009,0.0,0.0
-0.8615,-10.6813,0.0018,0.0,0.0
-0.7426,-10.6812,0.0018,0.0,0.0
-0.623,-10.6813,0.0018,0.0,0.0
-0.5034,-10.6818,0.0015,0.0,0.0
-0.3816,-10.6823,0.0013,0.0,0.0
-0.2646,-10.6835,0.001,0.0,0.0
-0.1453,-10.6847,0.0002,0.0,0.0
-0.0238,-10.6855,-0.0001,0.0,0.0
0.0953,-10.6858,-0.0002,0.0,0.0
0.212,-10.686,-0.0001,0.0,0.0
0.3308,-10.6862,0.0001,0.0,0.0
0.4497,-10.6862,0.0003,0.0,0.0
0.5685,-10.6864,0.0003,0.0,0.0
0.6875,-10.6871,0.0001,0.0,0.0
0.8148,-10.688,-0.0003,0.0,0.0
0.9241,-10.688,-0.0004,0.0,0.0
1.0455,-10.6882,-0.0001,0.0,0.0
1.162,-10.6887,-0.0005,0.0,0.0
1.2835,-10.6893,-0.001,0.0,0.0
1.4003,-10.6897,-0.0014,0.0,0.0
1.5192,-10.6896,-0.0018,0.0,0.0
1.638,-10.6896,-0.0018,0.0,0.0
1.7566,-10.6898,-0.0019,0.0,0.0
1.8749,-10.6898,-0.0019,0.0,0.0
1.9978,-10.6899,-0.0019,0.0,0.0
2.1111,-10.6902,-0.0021,0.0,0.0
2.2292,-10.6905,-0.0026,0.0,0.0
2.3475,-10.6911,-0.0031,0.0,0.0
2.4657,-10.6918,-0.0036,0.0,0.0
2.5839,-10.6925,-0.0039,0.0,0.0
2.7019,-10.6933,-0.0042,0.0,0.0
2.8198,-10.6941,-0.0048,0.0,0.0
2.9409,-10.6958,-0.0056,0.0,0.0
3.0574,-10.6972,-0.0063,0.0,0.0
3.1786,-10.6987,-0.0069,0.0,0.0
3.2949,-10.7,-0.0073,0.0,0.0
3.4135,-10.7011,-0.0076,0.0,0.0
3.5328,-10.7023,-0.0078,0.0,0.0
3.655,-10.7035,-0.0082,0.0,0.0
3.7746,-10.705,-0.0087,0.0,0.0
3.8912,-10.7067,-0.0092,0.0,0.0
4.0102,-10.7082,-0.0097,0.0,0.0
4.1298,-10.7096,-0.0102,0.0,0.0
4.2492,-10.7114,-0.0107,0.0,0.0
4.3687,-10.7128,-0.011,0.0,0.0
4.491,-10.7146,-0.0112,0.0,0.0
4.6084,-10.7169,-0.0114,0.0,0.0
4.7306,-10.7191,-0.0121,0.0,0.0
4.8481,-10.7211,-0.0127,0.0,0.0
4.968,-10.7234,-0.0135,0.0,0.0
5.0861,-10.7252,-0.0136,0.0,0.0
5.2139,-10.7277,-0.0139,0.0,0.0
5.332,-10.7298,-0.0145,0.0,0.0
5.4567,-10.7318,-0.0148,0.0,0.0
5.5692,-10.7328,-0.0147,0.0,0.0
5.6895,-10.7336,-0.0141,0.0,0.0
5.8103,-10.7355,-0.014,0.0,0.0
5.9375,-10.7374,-0.0144,0.0,0.0
6.0498,-10.7388,-0.0144,0.0,0.0
6.1699,-10.7405,-0.0143,0.0,0.0
6.2903,-10.7417,-0.014,0.0,0.0
6.4131,-10.7427,-0.0137,0.0,0.0
6.5336,-10.744,-0.0134,0.0,0.0
6.6518,-10.7454,-0.0133,0.0,0.0
6.7727,-10.747,-0.0133,0.0,0.0
6.8936,-10.7488,-0.0135,0.0,0.0
7.0148,-10.7505,-0.0137,0.0,0.0
7.1359,-10.7521,-0.014,0.0,0.0
7.2574,-10.7538,-0.0142,0.0,0.0
7.3792,-10.7556,-0.0142,0.0,0.0
7.5057,-10.7578,-0.0145,0.0,0.0
7.6245,-10.7599,-0.0151,0.0,0.0
7.7433,-10.762,-0.0155,0.0,0.0
7.8645,-10.764,-0.0161,0.0,0.0
7.986,-10.7662,-0.0163,0.0,0.0
8.108,-10.7689,-0.0165,0.0,0.0
8.2297,-10.7712,-0.0167,0.0,0.0
8.3518,-10.7738,-0.0171,0.0,0.0
8.4746,-10.7772,-0.0178,0.0,0.0
8.5968,-10.7793,-0.018,0.0,0.0
8.7187,-10.7816,-0.0181,0.0,0.0
8.8404,-10.7833,-0.0176,0.0,0.0
8.9617,-10.7843,-0.0164,0.0,0.0
9.0853,-10.7846,-0.0147,0.0,0.0
9.2041,-10.7846,-0.0133,0.0,0.0
9.3278,-10.7851,-0.0125,0.0,0.0
9.4466,-10.7866,-0.0126,0.0,0.0
9.5677,-10.789,-0.0133,0.0,0.0
9.6888,-10.7917,-0.0143,0.0,0.0
9.8097,-10.7949,-0.0155,0.0,0.0
9.9304,-10.7987,-0.0171,0.0,0.0
10.0505,-10.8022,-0.0185,0.0,0.0
10.1705,-10.8061,-0.0197,0.0,0.0
10.2906,-10.8098,-0.0207,0.0,0.0
10.4107,-10.8137,-0.0216,0.0,0.0
10.5315,-10.8186,-0.023,0.0,0.0
10.6524,-10.8228,-0.0241,0.0,0.0
10.7831,-10.8268,-0.0248,0.0,0.0
10.8941,-10.8299,-0.0247,0.0,0.0
11.0139,-10.834,-0.0249,0.0,0.0
11.1331,-10.8365,-0.0243,0.0,0.0
11.2522,-10.8392,-0.024,0.0,0.0
11.3716,-10.842,-0.0241,0.0,0.0
11.4905,-10.8447,-0.0241,0.0,0.0
11.611,-10.847,-0.024,0.0,0.0
11.7267,-10.8496,-0.0242,0.0,0.0
11.8543,-10.8526,-0.0244,0.0,0.0
11.9628,-10.8553,-0.0246,0.0,0.0
12.0836,-10.8589,-0.025,0.0,0.0
12.1995,-10.8631,-0.0257,0.0,0.0
12.3237,-10.8676,-0.0265,0.0,0.0
12.4338,-10.872,-0.027,0.0,0.0
12.5506,-10.8765,-0.0276,0.0,0.0
12.6672,-10.8804,-0.0281,0.0,0.0
12.7838,-10.8838,-0.0283,0.0,0.0
12.9003,-10.8871,-0.0286,0.0,0.0
13.0171,-10.8916,-0.0292,0.0,0.0
13.1338,-10.8957,-0.0298,0.0,0.0
13.2503,-10.8996,-0.0301,0.0,0.0
13.3659,-10.9037,-0.0303,0.0,0.0
13.4784,-10.9074,-0.0308,0.0,0.0
13.5951,-10.9112,-0.0312,0.0,0.0
13.7119,-10.9151,-0.0317,0.0,0.0
13.8248,-10.9199,-0.0322,0.0,0.0
13.9402,-10.9245,-0.0326,0.0,0.0
14.0554,-10.929,-0.0331,0.0,0.0
14.1705,-10.9335,-0.0336,0.0,0.0
14.2948,-10.9381,-0.0341,0.0,0.0
14.4003,-10.9421,-0.0345,0.0,0.0
14.5155,-10.947,-0.0348,0.0,0.0
14.6304,-10.9514,-0.035,0.0,0.0
14.7443,-10.9559,-0.0352,0.0,0.0
14.8588,-10.9608,-0.0355,0.0,0.0
14.9742,-10.9658,-0.036,0.0,0.0
15.0891,-10.9707,-0.0368,0.0,0.0
15.2037,-10.9751,-0.0371,0.0,0.0
15.3178,-10.9797,-0.0377,0.0,0.0
15.4323,-10.9855,-0.0385,0.0,0.0
15.5469,-10.9911,-0.0396,0.0,0.0
15.6612,-10.9966,-0.0403,0.0,0.0
15.7753,-11.0017,-0.0407,0.0,0.0
15.8898,-11.006,-0.0407,0.0,0.0
16.0071,-11.0112,-0.0409,0.0,0.0
16.1198,-11.0171,-0.0415,0.0,0.0
16.2346,-11.0229,-0.0423,0.0,0.0
16.3491,-11.0283,-0.0429,0.0,0.0
16.4635,-11.0342,-0.0434,0.0,0.0
16.5781,-11.0393,-0.0436,0.0,0.0
16.6951,-11.0449,-0.0438,0.0,0.0
16.8072,-11.0508,-0.0444,0.0,0.0
16.9213,-11.0569,-0.0455,0.0,0.0
17.0401,-11.0638,-0.0467,0.0,0.0
17.1505,-11.0705,-0.0477,0.0,0.0
17.2661,-11.0763,-0.048,0.0,0.0
17.382,-11.0805,-0.0468,0.0,0.0
17.4983,-11.0818,-0.0432,0.0,0.0
17.6147,-11.0809,-0.0375,0.0,0.0
17.7379,-11.0775,-0.031,0.0,0.0
17.847,-11.0738,-0.0257,0.0,0.0
17.9677,-11.0698,-0.0206,0.0,0.0
18.0789,-11.0685,-0.0175,0.0,0.0
18.1948,-11.0685,-0.0156,0.0,0.0
18.311,-11.0697,-0.015,0.0,0.0
18.4273,-11.0721,-0.015,0.0,0.0
18.546,-11.0748,-0.0155,0.0,0.0
18.6599,-11.0773,-0.016,0.0,0.0
18.7762,-11.0801,-0.0164,0.0,0.0
18.8926,-11.0829,-0.0168,0.0,0.0
19.009,-11.0865,-0.0176,0.0,0.0
19.1253,-11.0902,-0.0185,0.0,0.0
19.2435,-11.0927,-0.0184,0.0,0.0
19.3573,-11.0952,-0.0183,0.0,0.0
19.474,-11.0977,-0.0183,0.0,0.0
19.5935,-11.1002,-0.0184,0.0,0.0
19.7077,-11.104,-0.0189,0.0,0.0
19.8269,-11.1072,-0.0194,0.0,0.0
19.9415,-11.1102,-0.0194,0.0,0.0
20.0582,-11.1131,-0.0197,0.0,0.0
20.1751,-11.117,-0.0205,0.0,0.0
20.2915,-11.1206,-0.0211,0.0,0.0
20.4081,-11.1236,-0.0211,0.0,0.0
20.5249,-11.1261,-0.0209,0.0,0.0
20.6417,-11.1286,-0.0206,0.0,0.0
20.7587,-11.1309,-0.0203,0.0,0.0
20.8784,-11.1335,-0.0201,0.0,0.0
20.994,-11.1366,-0.0203,0.0,0.0
21.1112,-11.1402,-0.0209,0.0,0.0
21.229,-11.1433,-0.0212,0.0,0.0
21.347,-11.1461,-0.0213,0.0,0.0
21.4653,-11.1494,-0.0213,0.0,0.0
21.5836,-11.1525,-0.0212,0.0,0.0
21.7045,-11.1557,-0.0212,0.0,0.0
21.821,-11.1585,-0.0212,0.0,0.0
21.9425,-11.1614,-0.021,0.0,0.0
22.0592,-11.164,-0.0209,0.0,0.0
22.1781,-11.1668,-0.0209,0.0,0.0
22.2969,-11.17,-0.0209,0.0,0.0
22.4181,-11.1732,-0.021,0.0,0.0
22.537,-11.1762,-0.0212,0.0,0.0
22.6537,-11.179,-0.0213,0.0,0.0
22.7746,-11.1828,-0.0216,0.0,0.0
22.8916,-11.1854,-0.0216,0.0,0.0
23.0115,-11.1885,-0.0218,0.0,0.0
23.1314,-11.1916,-0.0219,0.0,0.0
23.2513,-11.1949,-0.0221,0.0,0.0
23.3711,-11.1979,-0.0222,0.0,0.0
23.4912,-11.2013,-0.0223,0.0,0.0
23.611,-11.2053,-0.0227,0.0,0.0
23.736,-11.2089,-0.0228,0.0,0.0
23.8518,-11.212,-0.0229,0.0,0.0
23.9724,-11.2151,-0.0231,0.0,0.0
24.0927,-11.2189,-0.0234,0.0,0.0
24.2129,-11.2224,-0.0237,0.0,0.0
24.3357,-11.2263,-0.0239,0.0,0.0
24.4562,-11.2294,-0.024,0.0,0.0
24.5746,-11.2323,-0.024,0.0,0.0
24.6957,-11.2352,-0.0241,0.0,0.0
24.8168,-11.2384,-0.0243,0.0,0.0
24.9374,-11.2417,-0.0247,0.0,0.0
25.0572,-11.2451,-0.0251,0.0,0.0
25.1809,-11.2492,-0.0256,0.0,0.0
25.2995,-11.2518,-0.0251,0.0,0.0
25.4251,-11.2543,-0.0243,0.0,0.0
25.5419,-11.2569,-0.0238,0.0,0.0
25.6682,-11.2609,-0.0241,0.0,0.0
25.7847,-11.2646,-0.0243,0.0,0.0
25.9065,-11.268,-0.0246,0.0,0.0
26.0281,-11.2715,-0.0249,0.0,0.0
26.1498,-11.2749,-0.0254,0.0,0.0
26.2788,-11.279,-0.026,0.0,0.0
26.3931,-11.2826,-0.0265,0.0,0.0
26.5143,-11.2863,-0.0268,0.0,0.0
26.6357,-11.2903,-0.0272,0.0,0.0
26.7579,-11.2938,-0.0275,0.0,0.0
26.8796,-11.2977,-0.0279,0.0,0.0
27.0016,-11.3016,-0.0286,0.0,0.0
27.1241,-11.3055,-0.029,0.0,0.0
27.2532,-11.3094,-0.0294,0.0,0.0
27.3678,-11.3136,-0.0294,0.0,0.0
27.4901,-11.3178,-0.0294,0.0,0.0
27.612,-11.3234,-0.0304,0.0,0.0
27.7343,-11.3286,-0.0314,0.0,0.0
27.8572,-11.3328,-0.0318,0.0,0.0
27.9772,-11.3355,-0.0313,0.0,0.0
28.1022,-11.3388,-0.0307,0.0,0.0
28.2251,-11.3434,-0.0309,0.0,0.0
28.348,-11.3476,-0.0311,0.0,0.0
28.4708,-11.3517,-0.0312,0.0,0.0
28.5933,-11.3557,-0.0312,0.0,0.0
28.7159,-11.3597,-0.0311,0.0,0.0
28.8411,-11.3638,-0.0311,0.0,0.0
28.9615,-11.3678,-0.0311,0.0,0.0
29.0847,-11.3723,-0.031,0.0,0.0
29.207,-11.3775,-0.0318,0.0,0.0
29.3291,-11.3823,-0.0321,0.0,0.0
29.4518,-11.3867,-0.0321,0.0,0.0
29.575,-11.3908,-0.0318,0.0,0.0
29.6979,-11.3943,-0.0312,0.0,0.0
29.8211,-11.3982,-0.031,0.0,0.0
29.9443,-11.4026,-0.0313,0.0,0.0
30.0676,-11.4065,-0.0315,0.0,0.0
30.1911,-11.4103,-0.0315,0.0,0.0
30.3147,-11.4142,-0.0314,0.0,0.0
30.4379,-11.4179,-0.0314,0.0,0.0
30.569,-11.4224,-0.0317,0.0,0.0
30.6854,-11.4265,-0.0319,0.0,0.0
30.8095,-11.4293,-0.031,0.0,0.0
30.934,-11.4305,-0.0294,0.0,0.0
31.0584,-11.4301,-0.0264,0.0,0.0
31.1854,-11.4291,-0.0223,0.0,0.0
31.3074,-11.4263,-0.0181,0.0,0.0
31.4346,-11.4235,-0.0141,0.0,0.0
31.5593,-11.4211,-0.0112,0.0,0.0
31.6839,-11.419,-0.0087,0.0,0.0
31.8037,-11.4176,-0.0071,0.0,0.0
31.9313,-11.4166,-0.006,0.0,0.0
32.0565,-11.415,-0.0046,0.0,0.0
32.1811,-11.4113,-0.0015,0.0,0.0
32.3084,-11.4052,0.0034,0.0,0.0
32.4324,-11.398,0.009,0.0,0.0
32.5614,-11.3867,0.0165,0.0,0.0
32.6845,-11.3734,0.025,0.0,0.0
32.8128,-11.3572,0.0361,0.0,0.0
32.9351,-11.3359,0.0499,0.0,0.0
33.0575,-11.3066,0.0689,0.0,0.0
33.1787,-11.2685,0.093,0.0,0.0
33.293,-11.2257,0.1174,0.0,0.0
33.4089,-11.1804,0.1411,0.0,0.0
33.5247,-11.1344,0.163,0.0,0.0
33.6405,-11.0877,0.1836,0.0,0.0
33.7565,-11.0403,0.2026,0.0,0.0
33.8721,-10.9934,0.2197,0.0,0.0
33.9878,-10.9473,0.2344,0.0,0.0
34.1045,-10.9027,0.2463,0.0,0.0
34.225,-10.8589,0.2557,0.0,0.0
34.3411,-10.8185,0.2627,0.0,0.0
34.4589,-10.7779,0.2689,0.0,0.0
34.5796,-10.738,0.2736,0.0,0.0
34.6983,-10.6996,0.2768,0.0,0.0
34.8122,-10.6633,0.2797,0.0,0.0
34.9333,-10.6244,0.2829,0.0,0.0
35.0539,-10.5862,0.2854,0.0,0.0
35.1694,-10.5493,0.2878,0.0,0.0
35.2873,-10.5116,0.2903,0.0,0.0
35.4053,-10.473,0.293,0.0,0.0
35.5223,-10.4331,0.2969,0.0,0.0
35.6367,-10.3891,0.3041,0.0,0.0
35.7452,-10.3382,0.3166,0.0,0.0
35.8503,-10.2792,0.3345,0.0,0.0
35.9512,-10.2175,0.3536,0.0,0.0
36.049,-10.1558,0.3722,0.0,0.0
36.1506,-10.0897,0.3914,0.0,0.0
36.2476,-10.0235,0.4098,0.0,0.0
36.3412,-9.9539,0.4305,0.0,0.0
36.4295,-9.8802,0.4537,0.0,0.0
36.516,-9.8039,0.4775,0.0,0.0
36.6017,-9.7266,0.4997,0.0,0.0
36.6873,-9.649,0.5203,0.0,0.0
36.7727,-9.5709,0.5397,0.0,0.0
36.8578,-9.4927,0.5575,0.0,0.0
36.9428,-9.4144,0.5738,0.0,0.0
37.0281,-9.3352,0.5891,0.0,0.0
37.1158,-9.2511,0.6051,0.0,0.0
37.1946,-9.1726,0.6202,0.0,0.0
37.2732,-9.0896,0.6373,0.0,0.0
37.3503,-9.0046,0.6565,0.0,0.0
37.4217,-8.915,0.6781,0.0,0.0
37.4902,-8.8227,0.7002,0.0,0.0
37.5578,-8.7291,0.721,0.0,0.0
37.6249,-8.6355,0.7407,0.0,0.0
37.6911,-8.542,0.7591,0.0,0.0
37.7589,-8.4466,0.7768,0.0,0.0
37.8234,-8.3542,0.7929,0.0,0.0
37.8875,-8.2592,0.8082,0.0,0.0
37.9515,-8.1645,0.8225,0.0,0.0
38.0144,-8.0697,0.8362,0.0,0.0
38.0756,-7.9737,0.8508,0.0,0.0
38.1351,-7.8755,0.8666,0.0,0.0
38.1959,-7.7648,0.8857,0.0,0.0
38.2429,-7.6732,0.9021,0.0,0.0
38.2932,-7.5705,0.9205,0.0,0.0
38.3423,-7.4676,0.938,0.0,0.0
38.3906,-7.3647,0.9545,0.0,0.0
38.4388,-7.2617,0.9697,0.0,0.0
38.4868,-7.1588,0.9836,0.0,0.0
38.5356,-7.0536,0.9972,0.0,0.0
38.5783,-6.9513,1.0121,0.0,0.0
38.6156,-6.8458,1.0308,0.0,0.0
38.6451,-6.7396,1.0534,0.0,0.0
38.6711,-6.633,1.0758,0.0,0.0
38.7021,-6.5202,1.0952,0.0,0.0
38.7301,-6.4202,1.1108,0.0,0.0
38.7576,-6.314,1.1284,0.0,0.0
38.7815,-6.2078,1.1468,0.0,0.0
38.8033,-6.1017,1.1648,0.0,0.0
38.8228,-5.9957,1.1828,0.0,0.0
38.839,-5.8902,1.2024,0.0,0.0
38.8544,-5.7772,1.2227,0.0,0.0
38.8677,-5.6764,1.2392,0.0,0.0
38.8807,-5.5628,1.2578,0.0,0.0
38.8887,-5.4617,1.2763,0.0,0.0
38.8908,-5.3552,1.2981,0.0,0.0
38.8867,-5.2499,1.3228,0.0,0.0
38.8783,-5.146,1.3487,0.0,0.0
38.8662,-5.0431,1.3752,0.0,0.0
38.851,-4.9419,1.4018,0.0,0.0
38.8329,-4.842,1.4282,0.0,0.0
38.8134,-4.7423,1.454,0.0,0.0
38.7945,-4.6425,1.4775,0.0,0.0
38.7764,-4.5427,1.4982,0.0,0.0
38.7596,-4.4425,1.516,0.0,0.0
38.7445,-4.342,1.5314,0.0,0.0
38.7313,-4.2417,1.544,0.0,0.0
38.7214,-4.142,1.5533,0.0,0.0
38.7111,-3.9459,1.5627,0.0,0.0
38.706,-3.7533,1.5679,0.0,0.0
38.6933,-3.5642,1.5781,0.0,0.0
38.6724,-3.3744,1.5928,0.0,0.0
38.6446,-3.1897,1.6111,0.0,0.0
38.6008,-3.0069,1.6388,0.0,0.0
38.5386,-2.8319,1.6762,0.0,0.0
38.4637,-2.6617,1.7175,0.0,0.0
38.3784,-2.5015,1.7631,0.0,0.0
38.2821,-2.3494,1.812,0.0,0.0
38.1806,-2.2031,1.8591,0.0,0.0
38.0795,-2.056,1.8994,0.0,0.0
37.9786,-1.9099,1.936,0.0,0.0
37.876,-1.7609,1.9677,0.0,0.0
37.7826,-1.6162,1.9892,0.0,0.0
37.6889,-1.469,2.0077,0.0,0.0
37.5873,-1.3265,2.0313,0.0,0.0
37.4769,-1.1938,2.0617,0.0,0.0
37.3597,-1.0647,2.0934,0.0,0.0
37.2464,-0.9439,2.1209,0.0,0.0
37.1311,-0.8175,2.144,0.0,0.0
37.0175,-0.6883,2.1619,0.0,0.0
36.9067,-0.5667,2.1794,0.0,0.0
36.7875,-0.4478,2.2021,0.0,0.0
36.6617,-0.3371,2.229,0.0,0.0
36.5332,-0.2317,2.2559,0.0,0.0
36.3991,-0.1345,2.2879,0.0,0.0
36.2612,-0.049,2.323,0.0,0.0
36.1184,0.0321,2.3587,0.0,0.0
35.9728,0.1088,2.3939,0.0,0.0
35.8234,0.1799,2.4303,0.0,0.0
35.6681,0.2442,2.469,0.0,0.0
35.5111,0.3009,2.5087,0.0,0.0
35.3521,0.3514,2.5478,0.0,0.0
35.1916,0.3985,2.5847,0.0,0.0
35.0273,0.4383,2.6237,0.0,0.0
34.8605,0.4737,2.6611,0.0,0.0
34.6927,0.5074,2.696,0.0,0.0
34.5247,0.5395,2.7274,0.0,0.0
34.3607,0.5697,2.7551,0.0,0.0
34.1929,0.5956,2.7837,0.0,0.0
34.0255,0.6121,2.8159,0.0,0.0
33.8527,0.6178,2.8526,0.0,0.0
33.6802,0.6141,2.8909,0.0,0.0
33.5067,0.6031,2.9302,0.0,0.0
33.3341,0.5797,2.9742,0.0,0.0
33.1648,0.5479,3.0176,0.0,0.0
32.993,0.506,3.0639,0.0,0.0
32.8245,0.4602,3.107,0.0,0.0
32.6573,0.4146,-3.1386,0.0,0.0
32.4844,0.3667,-3.1041,0.0,0.0
32.3044,0.3092,-3.0671,0.0,0.0
32.1425,0.2411,-3.0257,0.0,0.0
31.98,0.1553,-2.9766,0.0,0.0
31.8226,0.062,-2.9273,0.0,0.0
31.6662,-0.0387,-2.8801,0.0,0.0
31.5063,-0.1373,-2.8416,0.0,0.0
31.3451,-0.2374,-2.8072,0.0,0.0
31.258,-0.2926,-2.7897,0.0,0.0
31.1033,-0.392,-2.7609,0.0,0.0
30.9434,-0.4955,-2.7345,0.0,0.0
30.7798,-0.602,-2.7111,0.0,0.0
30.6155,-0.7056,-2.6928,0.0,0.0
30.4543,-0.8133,-2.6733,0.0,0.0
30.2932,-0.9333,-2.6486,0.0,0.0
30.1512,-1.0578,-2.6158,0.0,0.0
30.0141,-1.1972,-2.578,0.0,0.0
29.8881,-1.3471,-2.5344,0.0,0.0
29.7777,-1.5075,-2.4833,0.0,0.0
29.7233,-1.5956,-2.4552,0.0,0.0
29.6284,-1.7611,-2.4046,0.0,0.0
29.5351,-1.9453,-2.3505,0.0,0.0
29.4587,-2.125,-2.2973,0.0,0.0
29.3862,-2.3095,-2.247,0.0,0.0
29.3137,-2.4987,-2.2014,0.0,0.0
29.2783,-2.5928,-2.1809,0.0,0.0
29.2413,-2.6911,-2.1611,0.0,0.0
29.2056,-2.7858,-2.1434,0.0,0.0
29.1682,-2.8846,-2.1265,0.0,0.0
29.132,-2.9798,-2.1116,0.0,0.0
29.095,-3.0773,-2.0975,0.0,0.0
29.056,-3.1791,-2.0841,0.0,0.0
29.0196,-3.2742,-2.0728,0.0,0.0
28.9782,-3.3795,-2.0619,0.0,0.0
28.9393,-3.4745,-2.0537,0.0,0.0
28.8982,-3.5715,-2.0472,0.0,0.0
28.8543,-3.6703,-2.0427,0.0,0.0
28.8086,-3.7688,-2.0398,0.0,0.0
28.7612,-3.8663,-2.0383,0.0,0.0
28.7131,-3.9655,-2.0373,0.0,0.0
28.6691,-4.0614,-2.0346,0.0,0.0
28.6248,-4.1598,-2.0316,0.0,0.0
28.5803,-4.2585,-2.0286,0.0,0.0
28.5358,-4.3576,-2.0258,0.0,0.0
28.4907,-4.4572,-2.0235,0.0,0.0
28.4446,-4.5571,-2.022,0.0,0.0
28.3975,-4.6572,-2.0213,0.0,0.0
28.3482,-4.7591,-2.0213,0.0,0.0
28.3013,-4.8586,-2.0211,0.0,0.0
28.2545,-4.9562,-2.021,0.0,0.0
28.2063,-5.0565,-2.0209,0.0,0.0
28.1592,-5.1575,-2.02,0.0,0.0
28.1126,-5.2602,-2.0178,0.0,0.0
28.0676,-5.3644,-2.0142,0.0,0.0
28.0227,-5.4717,-2.0095,0.0,0.0
27.9816,-5.5766,-2.0038,0.0,0.0
27.9414,-5.6847,-1.9972,0.0,0.0
27.9021,-5.7958,-1.9898,0.0,0.0
27.8664,-5.9036,-1.9808,0.0,0.0
27.8309,-6.0167,-1.9714,0.0,0.0
27.795,-6.1303,-1.9633,0.0,0.0
27.7621,-6.2375,-1.9559,0.0,0.0
27.7264,-6.3492,-1.9493,0.0,0.0
27.69,-6.4612,-1.9432,0.0,0.0
27.6532,-6.5732,-1.9383,0.0,0.0
27.6151,-6.6845,-1.9349,0.0,0.0
27.5764,-6.7957,-1.9326,0.0,0.0
27.5372,-6.9078,-1.9304,0.0,0.0
27.4963,-7.0199,-1.9292,0.0,0.0
27.454,-7.1318,-1.9293,0.0,0.0
27.41,-7.2431,-1.931,0.0,0.0
27.364,-7.3557,-1.9347,0.0,0.0
27.3135,-7.4673,-1.9406,0.0,0.0
27.2599,-7.578,-1.9487,0.0,0.0
27.2008,-7.6877,-1.9601,0.0,0.0
27.138,-7.7865,-1.9762,0.0,0.0
27.0676,-7.8793,-1.9977,0.0,0.0
26.9928,-7.9669,-2.0219,0.0,0.0
26.9146,-8.0503,-2.0478,0.0,0.0
26.833,-8.1302,-2.075,0.0,0.0
26.7451,-8.2105,-2.1041,0.0,0.0
26.6599,-8.2845,-2.1314,0.0,0.0
26.5728,-8.3569,-2.1585,0.0,0.0
26.4819,-8.4287,-2.1858,0.0,0.0
26.3891,-8.4981,-2.2131,0.0,0.0
26.2938,-8.5656,-2.2401,0.0,0.0
26.1972,-8.6319,-2.2663,0.0,0.0
26.0918,-8.7024,-2.2934,0.0,0.0
26.0014,-8.7602,-2.3164,0.0,0.0
25.902,-8.8219,-2.3399,0.0,0.0
25.8024,-8.8841,-2.3617,0.0,0.0
25.7015,-8.9453,-2.3822,0.0,0.0
25.6013,-9.006,-2.4015,0.0,0.0
25.4988,-9.069,-2.4185,0.0,0.0
25.3952,-9.1344,-2.4328,0.0,0.0
25.3006,-9.1993,-2.4422,0.0,0.0
25.2078,-9.2609,-2.4523,0.0,0.0
25.1095,-9.3214,-2.4654,0.0,0.0
25.0095,-9.3771,-2.4811,0.0,0.0
24.9086,-9.4266,-2.4996,0.0,0.0
24.7987,-9.4753,-2.5208,0.0,0.0
24.7019,-9.5147,-2.54,0.0,0.0
24.5975,-9.5529,-2.5616,0.0,0.0
24.4937,-9.5863,-2.5839,0.0,0.0
24.3867,-9.617,-2.6071,0.0,0.0
24.2794,-9.6447,-2.6307,0.0,0.0
24.1712,-9.6705,-2.6534,0.0,0.0
24.0608,-9.6961,-2.6752,0.0,0.0
23.9547,-9.7197,-2.6951,0.0,0.0
23.8444,-9.7444,-2.7148,0.0,0.0
23.7342,-9.7684,-2.7332,0.0,0.0
23.6302,-9.7895,-2.7497,0.0,0.0
23.5218,-9.811,-2.766,0.0,0.0
23.4109,-9.8323,-2.7814,0.0,0.0
23.3021,-9.8534,-2.7955,0.0,0.0
23.1956,-9.8736,-2.8083,0.0,0.0
23.0867,-9.8942,-2.8203,0.0,0.0
22.978,-9.9149,-2.8312,0.0,0.0
22.867,-9.936,-2.8412,0.0,0.0
22.7607,-9.9566,-2.8499,0.0,0.0
22.6503,-9.9782,-2.8578,0.0,0.0
22.5444,-9.9996,-2.8646,0.0,0.0
22.4366,-10.0227,-2.8703,0.0,0.0
22.3266,-10.0467,-2.8751,0.0,0.0
22.2189,-10.071,-2.8788,0.0,0.0
22.1135,-10.0958,-2.8813,0.0,0.0
22.0066,-10.1205,-2.8834,0.0,0.0
21.9,-10.1467,-2.8849,0.0,0.0
21.7936,-10.1736,-2.8856,0.0,0.0
21.6866,-10.2007,-2.8866,0.0,0.0
21.5789,-10.2264,-2.8885,0.0,0.0
21.4705,-10.2502,-2.8919,0.0,0.0
21.361,-10.2715,-2.8975,0.0,0.0
21.2464,-10.2894,-2.9059,0.0,0.0
21.1384,-10.3036,-2.9147,0.0,0.0
21.0304,-10.3172,-2.9232,0.0,0.0
20.9201,-10.331,-2.9311,0.0,0.0
20.8096,-10.3439,-2.9393,0.0,0.0
20.6988,-10.3552,-2.9481,0.0,0.0
20.5877,-10.3648,-2.9583,0.0,0.0
20.4713,-10.3688,-2.9715,0.0,0.0
20.3617,-10.3692,-2.9862,0.0,0.0
20.2528,-10.3657,-3.0026,0.0,0.0
20.1422,-10.3591,-3.0195,0.0,0.0
20.0323,-10.3511,-3.0356,0.0,0.0
19.9225,-10.3428,-3.0507,0.0,0.0
19.813,-10.3341,-3.0648,0.0,0.0
19.6927,-10.3243,-3.079,0.0,0.0
19.5877,-10.3164,-3.0902,0.0,0.0
19.4849,-10.3088,-3.1001,0.0,0.0
19.3758,-10.3007,-3.1096,0.0,0.0
19.2667,-10.2933,-3.1178,0.0,0.0
19.1576,-10.2865,-3.1248,0.0,0.0
19.0508,-10.2805,-3.1305,0.0,0.0
18.9362,-10.2741,-3.1362,0.0,0.0
18.8326,-10.2694,-3.1401,0.0,0.0
18.7246,-10.2658,3.1404,0.0,0.0
18.6165,-10.2635,3.1391,0.0,0.0
18.5086,-10.2623,3.1386,0.0,0.0
18.401,-10.2623,3.139,0.0,0.0
18.2934,-10.2638,3.1405,0.0,0.0
18.1856,-10.2668,-3.1403,0.0,0.0
18.0687,-10.2718,-3.1365,0.0,0.0
17.9672,-10.2772,-3.1327,0.0,0.0
17.8619,-10.2829,-3.1289,0.0,0.0
17.7553,-10.2883,-3.1256,0.0,0.0
17.6489,-10.2936,-3.1228,0.0,0.0
17.5395,-10.2996,-3.1206,0.0,0.0
17.4321,-10.3038,-3.1192,0.0,0.0
17.3268,-10.3075,-3.1184,0.0,0.0
17.2197,-10.3111,-3.1179,0.0,0.0
17.1106,-10.3142,-3.118,0.0,0.0
17.0042,-10.3169,-3.118,0.0,0.0
16.8997,-10.3197,-3.1178,0.0,0.0
16.7937,-10.3233,-3.1173,0.0,0.0
16.685,-10.3265,-3.1169,0.0,0.0
16.5827,-10.3299,-3.1163,0.0,0.0
16.4739,-10.3334,-3.1158,0.0,0.0
16.3626,-10.3372,-3.1153,0.0,0.0
16.2602,-10.341,-3.1149,0.0,0.0
16.1537,-10.3447,-3.1146,0.0,0.0
16.0474,-10.3484,-3.1144,0.0,0.0
15.9389,-10.3521,-3.1141,0.0,0.0
15.8348,-10.356,-3.1138,0.0,0.0
15.7287,-10.3605,-3.1133,0.0,0.0
15.6228,-10.3652,-3.1123,0.0,0.0
15.5167,-10.369,-3.1119,0.0,0.0
15.4105,-10.3732,-3.1116,0.0,0.0
15.3043,-10.3773,-3.1112,0.0,0.0
15.1983,-10.3815,-3.111,0.0,0.0
15.0918,-10.3852,-3.1106,0.0,0.0
14.9828,-10.3888,-3.1105,0.0,0.0
14.8782,-10.3925,-3.1102,0.0,0.0
14.7718,-10.3968,-3.1099,0.0,0.0
14.6612,-10.4006,-3.1096,0.0,0.0
14.5591,-10.404,-3.1096,0.0,0.0
14.4527,-10.4076,-3.1097,0.0,0.0
14.3459,-10.4113,-3.1099,0.0,0.0
14.2387,-10.4164,-3.1094,0.0,0.0
14.1279,-10.4213,-3.1086,0.0,0.0
14.0255,-10.4248,-3.1086,0.0,0.0
13.9187,-10.428,-3.1092,0.0,0.0
13.8117,-10.4308,-3.1098,0.0,0.0
13.7044,-10.4339,-3.1105,0.0,0.0
13.5972,-10.4377,-3.1106,0.0,0.0
13.4897,-10.4413,-3.1105,0.0,0.0
13.3823,-10.4448,-3.1105,0.0,0.0
13.2749,-10.4482,-3.1104,0.0,0.0
13.1632,-10.4518,-3.1104,0.0,0.0
13.0601,-10.4557,-3.1102,0.0,0.0
12.9522,-10.4596,-3.1097,0.0,0.0
12.844,-10.4633,-3.1094,0.0,0.0
12.7357,-10.4676,-3.1091,0.0,0.0
12.6275,-10.4713,-3.1091,0.0,0.0
12.5191,-10.475,-3.1093,0.0,0.0
12.4094,-10.4801,-3.1088,0.0,0.0
12.3034,-10.4843,-3.1086,0.0,0.0
12.1949,-10.4884,-3.1084,0.0,0.0
12.0862,-10.4925,-3.1082,0.0,0.0
11.9774,-10.4968,-3.1078,0.0,0.0
11.8684,-10.5015,-3.1074,0.0,0.0
11.7589,-10.5061,-3.1072,0.0,0.0
11.6434,-10.5115,-3.1067,0.0,0.0
11.5363,-10.5155,-3.1068,0.0,0.0
11.4315,-10.519,-3.107,0.0,0.0
11.3223,-10.5222,-3.1077,0.0,0.0
11.2128,-10.5252,-3.1083,0.0,0.0
11.101,-10.5282,-3.109,0.0,0.0
10.9943,-10.5317,-3.1094,0.0,0.0
10.885,-10.536,-3.1093,0.0,0.0
10.7755,-10.5398,-3.1092,0.0,0.0
10.666,-10.5438,-3.1094,0.0,0.0
10.5565,-10.548,-3.1094,0.0,0.0
10.4466,-10.5527,-3.1089,0.0,0.0
10.3365,-10.5573,-3.1084,0.0,0.0
10.2224,-10.5624,-3.1079,0.0,0.0
10.1164,-10.566,-3.1079,0.0,0.0
10.006,-10.5692,-3.1083,0.0,0.0
9.8959,-10.5722,-3.1089,0.0,0.0
9.7857,-10.5747,-3.11,0.0,0.0
9.6712,-10.5773,-3.1112,0.0,0.0
9.566,-10.5798,-3.1121,0.0,0.0
9.4562,-10.5823,-3.1129,0.0,0.0
9.3466,-10.5849,-3.1136,0.0,0.0
9.237,-10.5881,-3.1137,0.0,0.0
9.123,-10.591,-3.1139,0.0,0.0
9.018,-10.5939,-3.1138,0.0,0.0
8.9087,-10.5972,-3.1137,0.0,0.0
8.7971,-10.6004,-3.1136,0.0,0.0
8.6878,-10.6033,-3.1135,0.0,0.0
8.5806,-10.6069,-3.1133,0.0,0.0
8.4709,-10.6099,-3.1133,0.0,0.0
8.3614,-10.6132,-3.1134,0.0,0.0
8.2522,-10.6164,-3.1133,0.0,0.0
8.1365,-10.6196,-3.1132,0.0,0.0
8.0318,-10.6228,-3.1131,0.0,0.0
7.925,-10.6267,-3.1128,0.0,0.0
7.8165,-10.6307,-3.1126,0.0,0.0
7.7085,-10.6343,-3.1125,0.0,0.0
7.6005,-10.6376,-3.1125,0.0,0.0
7.4926,-10.6411,-3.1127,0.0,0.0
7.3847,-10.6445,-3.1126,0.0,0.0
7.2743,-10.6484,-3.1124,0.0,0.0
7.1685,-10.6518,-3.1122,0.0,0.0
7.0608,-10.6551,-3.1121,0.0,0.0
6.9492,-10.6582,-3.1125,0.0,0.0
6.8441,-10.6608,-3.1129,0.0,0.0
6.7369,-10.6636,-3.1134,0.0,0.0
6.6281,-10.6669,-3.1137,0.0,0.0
6.5258,-10.67,-3.114,0.0,0.0
6.4196,-10.6732,-3.114,0.0,0.0
6.3136,-10.6765,-3.1139,0.0,0.0
6.2076,-10.6795,-3.1139,0.0,0.0
6.1018,-10.6826,-3.114,0.0,0.0
5.9899,-10.6856,-3.1141,0.0,0.0
5.7866,-10.6918,-3.1139,0.0,0.0
5.681,-10.6959,-3.1134,0.0,0.0
5.5686,-10.7002,-3.1126,0.0,0.0
5.3648,-10.7075,-3.1121,0.0,0.0
5.2605,-10.7114,-3.1119,0.0,0.0
5.1527,-10.7131,-3.1134,0.0,0.0
5.0487,-10.7127,-3.1161,0.0,0.0
4.9428,-10.7105,-3.1202,0.0,0.0
4.8371,-10.7072,-3.1251,0.0,0.0
4.7323,-10.7046,-3.1288,0.0,0.0
4.6215,-10.7021,-3.132,0.0,0.0
4.5188,-10.7001,-3.134,0.0,0.0
4.4184,-10.6985,-3.1355,0.0,0.0
4.3117,-10.6979,-3.1364,0.0,0.0
4.2071,-10.6976,-3.1375,0.0,0.0
4.1024,-10.6966,-3.1393,0.0,0.0
3.9978,-10.6945,-3.1416,0.0,0.0
3.8958,-10.6907,3.1383,0.0,0.0
3.7919,-10.6852,3.1342,0.0,0.0
3.6881,-10.6793,3.13,0.0,0.0
3.5839,-10.674,3.1266,0.0,0.0
3.4801,-10.6689,3.1237,0.0,0.0
3.3768,-10.6651,3.1218,0.0,0.0
3.2717,-10.6615,3.121,0.0,0.0
3.1708,-10.6599,3.1211,0.0,0.0
3.0678,-10.6588,3.1217,0.0,0.0
2.9644,-10.6573,3.1219,0.0,0.0
2.8605,-10.6547,3.1213,0.0,0.0
2.75,-10.6503,3.1194,0.0,0.0
2.5491,-10.6409,3.1148,0.0,0.0
2.4464,-10.6357,3.1124,0.0,0.0
2.3437,-10.6302,3.1102,0.0,0.0
2.241,-10.6252,3.1087,0.0,0.0
2.1386,-10.6207,3.1075,0.0,0.0
2.0362,-10.6164,3.1066,0.0,0.0
1.9337,-10.6122,3.1059,0.0,0.0
1.8309,-10.6081,3.1054,0.0,0.0
1.7259,-10.6041,3.105,0.0,0.0
1.6251,-10.6003,3.1047,0.0,0.0
1.5222,-10.5967,3.1047,0.0,0.0
1.4194,-10.5933,3.1049,0.0,0.0
1.3164,-10.5895,3.1048,0.0,0.0
1.2134,-10.5861,3.105,0.0,0.0
1.1064,-10.5824,3.105,0.0,0.0
0.9036,-10.5768,3.1058,0.0,0.0
0.8034,-10.5731,3.1058,0.0,0.0
0.7013,-10.569,3.1058,0.0,0.0
0.5992,-10.565,3.1059,0.0,0.0
0.4988,-10.5622,3.1063,0.0,0.0
0.3943,-10.5588,3.1066,0.0,0.0
0.2902,-10.5547,3.1066,0.0,0.0
0.1901,-10.5516,3.1067,0.0,0.0
0.0877,-10.5484,3.1075,0.0,0.0
-0.117,-10.5415,3.1084,0.0,0.0
-0.2234,-10.5381,3.1085,0.0,0.0
-0.3236,-10.535,3.1088,0.0,0.0
-0.4236,-10.5319,3.1091,0.0,0.0
-0.5253,-10.5288,3.1097,0.0,0.0
-0.627,-10.5257,3.1101,0.0,0.0
-0.7285,-10.5228,3.1104,0.0,0.0
-0.8299,-10.5201,3.1106,0.0,0.0
-0.9341,-10.5179,3.1112,0.0,0.0
-1.0385,-10.5151,3.1116,0.0,0.0
-1.2383,-10.5085,3.1119,0.0,0.0
-1.3401,-10.5056,3.112,0.0,0.0
-1.4423,-10.5027,3.1121,0.0,0.0
-1.5446,-10.4994,3.112,0.0,0.0
-1.6509,-10.4966,3.112,0.0,0.0
-1.751,-10.4941,3.1121,0.0,0.0
-1.8512,-10.4914,3.1122,0.0,0.0
-1.9575,-10.4887,3.1124,0.0,0.0
-2.1594,-10.4842,3.113,0.0,0.0
-2.26,-10.4808,3.1128,0.0,0.0
-2.3663,-10.4778,3.1129,0.0,0.0
-2.5688,-10.4724,3.1134,0.0,0.0
-2.6711,-10.4697,3.1135,0.0,0.0
-2.7712,-10.4669,3.1138,0.0,0.0
-2.8732,-10.4639,3.1139,0.0,0.0
-2.9752,-10.4609,3.1138,0.0,0.0
-3.0771,-10.4579,3.1138,0.0,0.0
-3.179,-10.4549,3.1137,0.0,0.0
-3.2809,-10.4519,3.1135,0.0,0.0
-3.3862,-10.4494,3.1137,0.0,0.0
-3.5916,-10.4449,3.1143,0.0,0.0
-3.7894,-10.4399,3.1149,0.0,0.0
-3.8912,-10.4372,3.1153,0.0,0.0
-3.9931,-10.4346,3.1155,0.0,0.0
-4.0949,-10.432,3.1156,0.0,0.0
-4.1968,-10.4296,3.1158,0.0,0.0
-4.3005,-10.4271,3.1162,0.0,0.0
-4.5019,-10.4225,3.1169,0.0,0.0
-4.6038,-10.4202,3.1172,0.0,0.0
-4.7058,-10.4181,3.1175,0.0,0.0
-4.8104,-10.4158,3.1177,0.0,0.0
-4.9109,-10.4139,3.1177,0.0,0.0
-5.0152,-10.4121,3.118,0.0,0.0
-5.216,-10.408,3.1184,0.0,0.0
-5.3173,-10.4055,3.1183,0.0,0.0
-5.4185,-10.4029,3.1179,0.0,0.0
-5.5198,-10.4003,3.1176,0.0,0.0
-5.6228,-10.3973,3.1171,0.0,0.0
-5.726,-10.3944,3.1164,0.0,0.0
-5.9255,-10.3901,3.116,0.0,0.0
-6.0258,-10.3883,3.1161,0.0,0.0
-6.2242,-10.3842,3.1162,0.0,0.0
-6.33,-10.3817,3.1159,0.0,0.0
-6.524,-10.376,3.1152,0.0,0.0
-6.7259,-10.3697,3.114,0.0,0.0
-6.9237,-10.3647,3.1136,0.0,0.0
-7.0239,-10.3619,3.1135,0.0,0.0
-7.2234,-10.3583,3.114,0.0,0.0
-7.3252,-10.3562,3.1142,0.0,0.0
-7.4291,-10.3537,3.1143,0.0,0.0
-7.6219,-10.3484,3.1143,0.0,0.0
-7.8205,-10.3441,3.1152,0.0,0.0
-8.0184,-10.3394,3.116,0.0,0.0
-8.2167,-10.3352,3.1172,0.0,0.0
-8.4087,-10.3315,3.1184,0.0,0.0
-8.601,-10.3272,3.1189,0.0,0.0
-8.7891,-10.323,3.1189,0.0,0.0
-8.9695,-10.3192,3.1185,0.0,0.0
-9.1483,-10.3154,3.1184,0.0,0.0
-9.3234,-10.3115,3.1181,0.0,0.0
-9.497,-10.307,3.1178,0.0,0.0
-9.6681,-10.304,3.1189,0.0,0.0
-9.8377,-10.3014,3.1201,0.0,0.0
-10.0017,-10.2994,3.1215,0.0,0.0
-10.1692,-10.2963,3.1217,0.0,0.0
-10.3241,-10.2929,3.1209,0.0,0.0
-10.4876,-10.2901,3.1207,0.0,0.0
-10.6394,-10.2886,3.121,0.0,0.0
-10.7969,-10.287,3.1214,0.0,0.0
-10.9498,-10.2856,3.1217,0.0,0.0
-11.0957,-10.2825,3.121,0.0,0.0
